0.000000000000000000e+00 1.748245699043594545e-03
4.166666666666666852e-01 2.207449810529153126e-03
8.333333333333333703e-01 2.173492332713859027e-03
1.250000000000000000e+00 2.607045345234248850e-03
1.666666666666666741e+00 3.281812323667781649e-03
2.083333333333333481e+00 3.913562124337559983e-03
2.500000000000000000e+00 2.881420430447273300e-03
2.916666666666666963e+00 1.429680563903864415e-02
3.333333333333333481e+00 5.961827655725184492e-03
3.750000000000000000e+00 5.810835980693754808e-03
4.166666666666666963e+00 9.169439314540723043e-03
4.583333333333333925e+00 8.055043816949125982e-03
5.000000000000000000e+00 7.538616179070645185e-03
5.416666666666666963e+00 9.056604858025826821e-03
5.833333333333333925e+00 2.028660486478109370e-02
6.250000000000000000e+00 7.693114652065465020e-03
6.666666666666666963e+00 1.126517188866656312e-02
7.083333333333333925e+00 9.849707321807989191e-03
7.500000000000000000e+00 7.920315410892564412e-02
7.916666666666666963e+00 1.246611562458513865e-02
8.333333333333333925e+00 5.915539297786217600e-03
8.750000000000000000e+00 7.567947198973713589e-03
9.166666666666667851e+00 1.151563351243072020e-02
9.583333333333333925e+00 1.415848624954934958e-02
1.000000000000000000e+01 1.446399665079733943e-02
