1.000000000000000000e+01 7.187699999999996869e-02
2.625000000000000000e+01 9.639900000000001246e-02
4.250000000000000000e+01 1.291829999999998257e-01
5.875000000000000000e+01 1.816379999999999661e-01
7.500000000000000000e+01 2.189499999999999780e-01
9.125000000000000000e+01 2.618139999999997691e-01
1.075000000000000000e+02 3.109199999999998631e-01
1.237500000000000000e+02 3.735239999999997451e-01
1.400000000000000000e+02 4.651009999999997646e-01
1.562500000000000000e+02 5.438470000000004134e-01
1.725000000000000000e+02 5.938020000000001630e-01
1.887500000000000000e+02 6.790659999999988372e-01
2.050000000000000000e+02 7.405039999999996070e-01
2.212500000000000000e+02 8.338330000000002684e-01
2.375000000000000000e+02 9.166389999999999816e-01
2.537500000000000000e+02 1.040984000000001686e+00
2.700000000000000000e+02 1.204395999999999134e+00
2.862500000000000000e+02 1.341976000000002500e+00
3.025000000000000000e+02 1.360531999999999186e+00
3.187500000000000000e+02 1.477924999999999045e+00
3.350000000000000000e+02 1.538236000000004822e+00
3.512500000000000000e+02 1.689886000000001332e+00
3.675000000000000000e+02 1.902328999999994608e+00
3.837500000000000000e+02 2.106534999999993829e+00
4.000000000000000000e+02 2.113874000000009801e+00
