2.000000000000000000e+00 5.315400000000014558e-02
3.000000000000000000e+00 4.717800000000016425e-02
4.000000000000000000e+00 5.096400000000000929e-02
5.000000000000000000e+00 4.858699999999993580e-02
6.000000000000000000e+00 6.415699999999979752e-02
7.000000000000000000e+00 7.132199999999944140e-02
8.000000000000000000e+00 4.897599999999968645e-02
9.000000000000000000e+00 7.418000000000013472e-02
1.000000000000000000e+01 7.188900000000053581e-02
1.100000000000000000e+01 6.967399999999912552e-02
1.200000000000000000e+01 7.528999999999896886e-02
1.300000000000000000e+01 7.641100000000022874e-02
1.400000000000000000e+01 7.389500000000026603e-02
1.500000000000000000e+01 7.361200000000067689e-02
1.600000000000000000e+01 7.351300000000016155e-02
1.700000000000000000e+01 7.229300000000016269e-02
1.800000000000000000e+01 7.944399999999873785e-02
1.900000000000000000e+01 7.709099999999935449e-02
2.000000000000000000e+01 8.131000000000199179e-02
