2.595726372581392844e-03 4.466200866089343503e-03 1.538704011364359393e-02 1.605964149554337536e-03 1.728919855221504320e-02 1.114976993389564346e-02 5.509705413854952549e-02 1.973246433809471966e-03
1.125037531860684573e-03 2.287876102462641989e-03 2.964009542619553544e-02 1.733092357815299838e-03 9.145360051973186119e-03 9.465045462487518824e-03 5.520093315304079942e-03 5.738952669916770784e-04
3.314611086608946437e-03 4.959664951215944466e-03 3.680362656702097779e-02 2.844880315715449595e-03 1.114516881535456902e-02 9.164349240683603709e-03 8.580877753346709269e-02 8.597773932792490345e-03
3.179420932815298605e-03 3.266582268320303122e-03 9.644931994841043563e-03 3.401598287042769471e-04 7.105875466318909046e-03 6.045572984292473841e-03 2.062393171509791998e-02 1.681531067801858743e-03
7.382542901667102711e-03 8.667221520990970110e-03 3.589650374159771007e-02 2.515568199462480531e-03 1.569630430524033421e-02 1.435323178132009124e-02 3.053790380241941729e-02 2.097167959575828126e-03
6.815281093056394478e-03 4.230151654034756611e-03 3.148159162499625935e-02 1.960945812027642138e-03 1.844339100294454040e-02 1.055650178134517371e-02 9.324408041943384184e-02 7.697732643759363190e-03
3.058640243235529431e-03 4.855086643514511420e-03 2.242867944958785997e-02 1.570294961621057379e-03 6.651711382939441697e-03 6.748313468956384717e-03 5.619355202584553483e-02 2.052060398787168300e-03
2.741085076574063806e-03 3.489696123586415004e-03 1.259113360682049404e-02 7.175027146329110775e-04 1.860089122145336046e-02 2.133288129444387005e-02 2.198911541975570594e-01 2.122187545741567594e-02
2.554096142066287177e-03 4.092260213765911564e-03 3.556596790000612907e-02 3.026675581753149932e-03 1.397963488465144184e-02 1.248285432087530358e-02 5.906021259206405138e-02 3.803051177802275074e-03
4.233899962576039011e-03 4.830041846661888363e-03 3.179528082761266111e-02 3.056680939301869779e-03 2.529759946408807053e-02 1.930729029071677830e-02 7.215476390280735342e-02 6.705337302462031565e-03
